Gym_Data = [
["Premier Fitness",10,5,2.0,2.0,2.0,2.0,200,2.67],,
["Average Joes",100,5,2.4,2.7,2.4,2.4,500,2.67],
["Woody's Workout",250,5,2.7,3.0,3.2,2.7,1000,2.67],
["Beach Bods",500,5,3.2,3.2,3.2,0,2000,2.67],
["Silver Gym",1000,5,3.4,3.4,3.6,3.2,2750,2.67],
["Pour Femme",2500,5,3.4,3.6,3.6,3.8,3000,2.67],
["Davies Den",5000,5,3.7,3.7,0,3.7,3500,2.67],
["Global Gym",10000,5,4.0,4.0,4.0,4.0,4000,2.67],
["Knuckle Heads",50000,10,4.8,4.0,4.4,4.2,6000,5.],
["Pioneer Fitness",100000,10,4.4,4.8,4.6,4.4,7000,5.],
["Anabolic Anomalies",250000,10,5.0,5.2,4.6,4.6,8000,5.],
["Core",500000,10,5.0,5.0,5.2,5.0,11000,5.],
["Racing Fitness",1000000,10,5.4,5.0,4.8,5.2,12420,5.],
["Complete Cardio",2000000,10,5.5,5.5,5.7,5.2,18000,5.],
["Legs Bums and Tums",3000000,10,5.5,0,5.5,5.7,18100,5.],
["Deep Burn",5000000,10,6.0,6.0,6.0,6.0,24140,5.],
["Apollo Gym",7500000,10,6.0,6.4,6.2,6.2,31260,5.],
["Gun Shop",10000000,10,6.5,6.2,6.4,6.2,36610,5.],
["Force Training",15000000,10,6.5,6.4,6.4,6.8,46640,5.],
["Cha Cha's",20000000,10,6.4,6.6,6.4,7.0,56520,5.],
["Atlas",30000000,10,7.0,6.4,6.4,6.5,67775,5.],
["Last Round",50000000,10,6.8,7.0,6.5,6.5,84535,5.],
["The Edge",75000000,10,6.8,7.0,7.0,6.8,106305,5.],
["George's",100000000,10,7.3,7.3,7.3,7.3,-1,5.],
]